0 2 0 1 12 37
1 0 0 1 17 36
2 1 1 1 9 34
3 1 1 2 5 36
4 2 0 1 9 34
5 0 0 1 5 35
6 2 1 1 11 35
7 1 0 1 4 35
8 1 0 1 4 36
9 1 1 1 6 36
10 2 1 1 6 34
11 2 1 0 4 45
12 2 1 1 6 11
13 1 0 1 5 48
14 0 0 2 3 55
15 2 0 0 3 35
16 1 0 0 10 19
17 2 0 1 5 36
18 2 1 0 16 53
19 2 0 1 5 35
20 0 0 0 5 39
21 0 1 1 14 36
22 2 0 1 17 34
23 0 0 1 10 35
24 1 0 1 24 46
25 1 1 1 9 36
26 0 1 0 5 34
27 0 1 1 8 35
28 0 1 0 3 28
29 0 1 1 3 20
30 2 0 1 4 34
31 1 0 1 5 41
32 0 1 0 7 35
33 0 1 1 6 16
34 2 1 1 17 34
35 0 1 1 5 35
36 1 0 1 3 34
37 1 1 1 8 25
38 2 1 1 10 17
39 1 0 0 13 35
40 1 1 0 16 58
41 2 0 0 6 37
42 0 1 2 7 6
43 1 0 0 -31 35
44 0 0 1 5 36
45 1 0 2 5 34
46 1 1 0 23 35
47 2 1 0 7 49
48 2 1 2 15 34